L00x -0.04795570175438597 0.04795570175438597 0.0
L00y -0.04795570175438597 0.04795570175438597 90.0
H00x -0.04795570175438597 0.04795570175438597 0.0
H00y -0.04795570175438597 0.04795570175438597 90.0
L01a -0.015985233918128654 0.04795570175438597 45.0
L01b -0.015985233918128654 0.04795570175438597 135.0
H01a -0.015985233918128654 0.04795570175438597 45.0
H01b -0.015985233918128654 0.04795570175438597 135.0
L02x 0.015985233918128654 0.04795570175438597 0.0
L02y 0.015985233918128654 0.04795570175438597 90.0
H02x 0.015985233918128654 0.04795570175438597 0.0
H02y 0.015985233918128654 0.04795570175438597 90.0
L03a 0.04795570175438597 0.04795570175438597 45.0
L03b 0.04795570175438597 0.04795570175438597 135.0
H03a 0.04795570175438597 0.04795570175438597 45.0
H03b 0.04795570175438597 0.04795570175438597 135.0
L10a -0.04795570175438597 0.015985233918128654 45.0
L10b -0.04795570175438597 0.015985233918128654 135.0
H10a -0.04795570175438597 0.015985233918128654 45.0
H10b -0.04795570175438597 0.015985233918128654 135.0
L11x -0.015985233918128654 0.015985233918128654 0.0
L11y -0.015985233918128654 0.015985233918128654 90.0
H11x -0.015985233918128654 0.015985233918128654 0.0
H11y -0.015985233918128654 0.015985233918128654 90.0
L12a 0.015985233918128654 0.015985233918128654 45.0
L12b 0.015985233918128654 0.015985233918128654 135.0
H12a 0.015985233918128654 0.015985233918128654 45.0
H12b 0.015985233918128654 0.015985233918128654 135.0
L13x 0.04795570175438597 0.015985233918128654 0.0
L13y 0.04795570175438597 0.015985233918128654 90.0
H13x 0.04795570175438597 0.015985233918128654 0.0
H13y 0.04795570175438597 0.015985233918128654 90.0
L20x -0.04795570175438597 -0.015985233918128654 0.0
L20y -0.04795570175438597 -0.015985233918128654 90.0
H20x -0.04795570175438597 -0.015985233918128654 0.0
H20y -0.04795570175438597 -0.015985233918128654 90.0
L21a -0.015985233918128654 -0.015985233918128654 45.0
L21b -0.015985233918128654 -0.015985233918128654 135.0
H21a -0.015985233918128654 -0.015985233918128654 45.0
H21b -0.015985233918128654 -0.015985233918128654 135.0
L22x 0.015985233918128654 -0.015985233918128654 0.0
L22y 0.015985233918128654 -0.015985233918128654 90.0
H22x 0.015985233918128654 -0.015985233918128654 0.0
H22y 0.015985233918128654 -0.015985233918128654 90.0
L23a 0.04795570175438597 -0.015985233918128654 45.0
L23b 0.04795570175438597 -0.015985233918128654 135.0
H23a 0.04795570175438597 -0.015985233918128654 45.0
H23b 0.04795570175438597 -0.015985233918128654 135.0
L30a -0.04795570175438597 -0.04795570175438597 45.0
L30b -0.04795570175438597 -0.04795570175438597 135.0
H30a -0.04795570175438597 -0.04795570175438597 45.0
H30b -0.04795570175438597 -0.04795570175438597 135.0
L31x -0.015985233918128654 -0.04795570175438597 0.0
L31y -0.015985233918128654 -0.04795570175438597 90.0
H31x -0.015985233918128654 -0.04795570175438597 0.0
H31y -0.015985233918128654 -0.04795570175438597 90.0
L32a 0.015985233918128654 -0.04795570175438597 45.0
L32b 0.015985233918128654 -0.04795570175438597 135.0
H32a 0.015985233918128654 -0.04795570175438597 45.0
H32b 0.015985233918128654 -0.04795570175438597 135.0
L33x 0.04795570175438597 -0.04795570175438597 0.0
L33y 0.04795570175438597 -0.04795570175438597 90.0
H33x 0.04795570175438597 -0.04795570175438597 0.0
H33y 0.04795570175438597 -0.04795570175438597 90.0
