070_90a_A 0.31546284893267657 0.6309256978653531 45.0
070_90b_A 0.31546284893267657 0.6309256978653531 -45.0
070_150a_A 0.31546284893267657 0.6309256978653531 45.0
070_150b_A 0.31546284893267657 0.6309256978653531 -45.0
069_90x_A -0.31546284893267657 0.6309256978653531 0.0
069_90y_A -0.31546284893267657 0.6309256978653531 90.0
069_150x_A -0.31546284893267657 0.6309256978653531 0.0
069_150y_A -0.31546284893267657 0.6309256978653531 90.0
068_90a_A -0.9463885467980298 0.6309256978653531 45.0
068_90b_A -0.9463885467980298 0.6309256978653531 -45.0
068_150a_A -0.9463885467980298 0.6309256978653531 45.0
068_150b_A -0.9463885467980298 0.6309256978653531 -45.0
067_90x_A -1.577314244663383 0.6309256978653531 0.0
067_90y_A -1.577314244663383 0.6309256978653531 90.0
067_150x_A -1.577314244663383 0.6309256978653531 0.0
067_150y_A -1.577314244663383 0.6309256978653531 90.0
066_90a_A -2.2082399425287362 0.6309256978653531 45.0
066_90b_A -2.2082399425287362 0.6309256978653531 -45.0
066_150a_A -2.2082399425287362 0.6309256978653531 45.0
066_150b_A -2.2082399425287362 0.6309256978653531 -45.0
065_90x_A -2.8391656403940893 0.6309256978653531 0.0
065_90y_A -2.8391656403940893 0.6309256978653531 90.0
065_150x_A -2.8391656403940893 0.6309256978653531 0.0
065_150y_A -2.8391656403940893 0.6309256978653531 90.0
064_90a_A -3.4700913382594427 0.6309256978653531 45.0
064_90b_A -3.4700913382594427 0.6309256978653531 -45.0
064_150a_A -3.4700913382594427 0.6309256978653531 45.0
064_150b_A -3.4700913382594427 0.6309256978653531 -45.0
063_90x_A -4.101017036124795 0.6309256978653531 0.0
063_90y_A -4.101017036124795 0.6309256978653531 90.0
063_150x_A -4.101017036124795 0.6309256978653531 0.0
063_150y_A -4.101017036124795 0.6309256978653531 90.0
057_90a_A 0.6309256978653531 1.2618513957307063 45.0
057_90b_A 0.6309256978653531 1.2618513957307063 -45.0
057_150a_A 0.6309256978653531 1.2618513957307063 45.0
057_150b_A 0.6309256978653531 1.2618513957307063 -45.0
056_90x_A 0.0 1.2618513957307063 0.0
056_90y_A 0.0 1.2618513957307063 90.0
056_150x_A 0.0 1.2618513957307063 0.0
056_150y_A 0.0 1.2618513957307063 90.0
055_90a_A -0.6309256978653531 1.2618513957307063 45.0
055_90b_A -0.6309256978653531 1.2618513957307063 -45.0
055_150a_A -0.6309256978653531 1.2618513957307063 45.0
055_150b_A -0.6309256978653531 1.2618513957307063 -45.0
054_90x_A -1.2618513957307063 1.2618513957307063 0.0
054_90y_A -1.2618513957307063 1.2618513957307063 90.0
054_150x_A -1.2618513957307063 1.2618513957307063 0.0
054_150y_A -1.2618513957307063 1.2618513957307063 90.0
053_90a_A -1.8927770935960595 1.2618513957307063 45.0
053_90b_A -1.8927770935960595 1.2618513957307063 -45.0
053_150a_A -1.8927770935960595 1.2618513957307063 45.0
053_150b_A -1.8927770935960595 1.2618513957307063 -45.0
052_90x_A -2.5237027914614125 1.2618513957307063 0.0
052_90y_A -2.5237027914614125 1.2618513957307063 90.0
052_150x_A -2.5237027914614125 1.2618513957307063 0.0
052_150y_A -2.5237027914614125 1.2618513957307063 90.0
051_90a_A -3.154628489326766 1.2618513957307063 45.0
051_90b_A -3.154628489326766 1.2618513957307063 -45.0
051_150a_A -3.154628489326766 1.2618513957307063 45.0
051_150b_A -3.154628489326766 1.2618513957307063 -45.0
050_90x_A -3.785554187192119 1.2618513957307063 0.0
050_90y_A -3.785554187192119 1.2618513957307063 90.0
050_150x_A -3.785554187192119 1.2618513957307063 0.0
050_150y_A -3.785554187192119 1.2618513957307063 90.0
045_90a_A 0.9463885467980298 1.8927770935960595 45.0
045_90b_A 0.9463885467980298 1.8927770935960595 -45.0
045_150a_A 0.9463885467980298 1.8927770935960595 45.0
045_150b_A 0.9463885467980298 1.8927770935960595 -45.0
044_90x_A 0.31546284893267657 1.8927770935960595 0.0
044_90y_A 0.31546284893267657 1.8927770935960595 90.0
044_150x_A 0.31546284893267657 1.8927770935960595 0.0
044_150y_A 0.31546284893267657 1.8927770935960595 90.0
043_90a_A -0.31546284893267657 1.8927770935960595 45.0
043_90b_A -0.31546284893267657 1.8927770935960595 -45.0
043_150a_A -0.31546284893267657 1.8927770935960595 45.0
043_150b_A -0.31546284893267657 1.8927770935960595 -45.0
042_90x_A -0.9463885467980298 1.8927770935960595 0.0
042_90y_A -0.9463885467980298 1.8927770935960595 90.0
042_150x_A -0.9463885467980298 1.8927770935960595 0.0
042_150y_A -0.9463885467980298 1.8927770935960595 90.0
041_90a_A -1.577314244663383 1.8927770935960595 45.0
041_90b_A -1.577314244663383 1.8927770935960595 -45.0
041_150a_A -1.577314244663383 1.8927770935960595 45.0
041_150b_A -1.577314244663383 1.8927770935960595 -45.0
040_90x_A -2.2082399425287362 1.8927770935960595 0.0
040_90y_A -2.2082399425287362 1.8927770935960595 90.0
040_150x_A -2.2082399425287362 1.8927770935960595 0.0
040_150y_A -2.2082399425287362 1.8927770935960595 90.0
039_90a_A -2.8391656403940893 1.8927770935960595 45.0
039_90b_A -2.8391656403940893 1.8927770935960595 -45.0
039_150a_A -2.8391656403940893 1.8927770935960595 45.0
039_150b_A -2.8391656403940893 1.8927770935960595 -45.0
038_90x_A -3.4700913382594427 1.8927770935960595 0.0
038_90y_A -3.4700913382594427 1.8927770935960595 90.0
038_150x_A -3.4700913382594427 1.8927770935960595 0.0
038_150y_A -3.4700913382594427 1.8927770935960595 90.0
034_90a_A 1.2618513957307063 2.5237027914614125 45.0
034_90b_A 1.2618513957307063 2.5237027914614125 -45.0
034_150a_A 1.2618513957307063 2.5237027914614125 45.0
034_150b_A 1.2618513957307063 2.5237027914614125 -45.0
033_90x_A 0.6309256978653531 2.5237027914614125 0.0
033_90y_A 0.6309256978653531 2.5237027914614125 90.0
033_150x_A 0.6309256978653531 2.5237027914614125 0.0
033_150y_A 0.6309256978653531 2.5237027914614125 90.0
032_90a_A 0.0 2.5237027914614125 45.0
032_90b_A 0.0 2.5237027914614125 -45.0
032_150a_A 0.0 2.5237027914614125 45.0
032_150b_A 0.0 2.5237027914614125 -45.0
031_90x_A -0.6309256978653531 2.5237027914614125 0.0
031_90y_A -0.6309256978653531 2.5237027914614125 90.0
031_150x_A -0.6309256978653531 2.5237027914614125 0.0
031_150y_A -0.6309256978653531 2.5237027914614125 90.0
030_90a_A -1.2618513957307063 2.5237027914614125 45.0
030_90b_A -1.2618513957307063 2.5237027914614125 -45.0
030_150a_A -1.2618513957307063 2.5237027914614125 45.0
030_150b_A -1.2618513957307063 2.5237027914614125 -45.0
029_90x_A -1.8927770935960595 2.5237027914614125 0.0
029_90y_A -1.8927770935960595 2.5237027914614125 90.0
029_150x_A -1.8927770935960595 2.5237027914614125 0.0
029_150y_A -1.8927770935960595 2.5237027914614125 90.0
028_90a_A -2.5237027914614125 2.5237027914614125 45.0
028_90b_A -2.5237027914614125 2.5237027914614125 -45.0
028_150a_A -2.5237027914614125 2.5237027914614125 45.0
028_150b_A -2.5237027914614125 2.5237027914614125 -45.0
027_90x_A -3.154628489326766 2.5237027914614125 0.0
027_90y_A -3.154628489326766 2.5237027914614125 90.0
027_150x_A -3.154628489326766 2.5237027914614125 0.0
027_150y_A -3.154628489326766 2.5237027914614125 90.0
024_90a_A 1.577314244663383 3.154628489326766 45.0
024_90b_A 1.577314244663383 3.154628489326766 -45.0
024_150a_A 1.577314244663383 3.154628489326766 45.0
024_150b_A 1.577314244663383 3.154628489326766 -45.0
023_90x_A 0.9463885467980298 3.154628489326766 0.0
023_90y_A 0.9463885467980298 3.154628489326766 90.0
023_150x_A 0.9463885467980298 3.154628489326766 0.0
023_150y_A 0.9463885467980298 3.154628489326766 90.0
022_90a_A 0.31546284893267657 3.154628489326766 45.0
022_90b_A 0.31546284893267657 3.154628489326766 -45.0
022_150a_A 0.31546284893267657 3.154628489326766 45.0
022_150b_A 0.31546284893267657 3.154628489326766 -45.0
021_90x_A -0.31546284893267657 3.154628489326766 0.0
021_90y_A -0.31546284893267657 3.154628489326766 90.0
021_150x_A -0.31546284893267657 3.154628489326766 0.0
021_150y_A -0.31546284893267657 3.154628489326766 90.0
020_90a_A -0.9463885467980298 3.154628489326766 45.0
020_90b_A -0.9463885467980298 3.154628489326766 -45.0
020_150a_A -0.9463885467980298 3.154628489326766 45.0
020_150b_A -0.9463885467980298 3.154628489326766 -45.0
019_90x_A -1.577314244663383 3.154628489326766 0.0
019_90y_A -1.577314244663383 3.154628489326766 90.0
019_150x_A -1.577314244663383 3.154628489326766 0.0
019_150y_A -1.577314244663383 3.154628489326766 90.0
018_90a_A -2.2082399425287362 3.154628489326766 45.0
018_90b_A -2.2082399425287362 3.154628489326766 -45.0
018_150a_A -2.2082399425287362 3.154628489326766 45.0
018_150b_A -2.2082399425287362 3.154628489326766 -45.0
017_90x_A -2.8391656403940893 3.154628489326766 0.0
017_90y_A -2.8391656403940893 3.154628489326766 90.0
017_150x_A -2.8391656403940893 3.154628489326766 0.0
017_150y_A -2.8391656403940893 3.154628489326766 90.0
015_90a_A 1.8927770935960595 3.785554187192119 45.0
015_90b_A 1.8927770935960595 3.785554187192119 -45.0
015_150a_A 1.8927770935960595 3.785554187192119 45.0
015_150b_A 1.8927770935960595 3.785554187192119 -45.0
014_90x_A 1.2618513957307063 3.785554187192119 0.0
014_90y_A 1.2618513957307063 3.785554187192119 90.0
014_150x_A 1.2618513957307063 3.785554187192119 0.0
014_150y_A 1.2618513957307063 3.785554187192119 90.0
013_90a_A 0.6309256978653531 3.785554187192119 45.0
013_90b_A 0.6309256978653531 3.785554187192119 -45.0
013_150a_A 0.6309256978653531 3.785554187192119 45.0
013_150b_A 0.6309256978653531 3.785554187192119 -45.0
012_90x_A 0.0 3.785554187192119 0.0
012_90y_A 0.0 3.785554187192119 90.0
012_150x_A 0.0 3.785554187192119 0.0
012_150y_A 0.0 3.785554187192119 90.0
011_90a_A -0.6309256978653531 3.785554187192119 45.0
011_90b_A -0.6309256978653531 3.785554187192119 -45.0
011_150a_A -0.6309256978653531 3.785554187192119 45.0
011_150b_A -0.6309256978653531 3.785554187192119 -45.0
010_90x_A -1.2618513957307063 3.785554187192119 0.0
010_90y_A -1.2618513957307063 3.785554187192119 90.0
010_150x_A -1.2618513957307063 3.785554187192119 0.0
010_150y_A -1.2618513957307063 3.785554187192119 90.0
009_90a_A -1.8927770935960595 3.785554187192119 45.0
009_90b_A -1.8927770935960595 3.785554187192119 -45.0
009_150a_A -1.8927770935960595 3.785554187192119 45.0
009_150b_A -1.8927770935960595 3.785554187192119 -45.0
008_90x_A -2.5237027914614125 3.785554187192119 0.0
008_90y_A -2.5237027914614125 3.785554187192119 90.0
008_150x_A -2.5237027914614125 3.785554187192119 0.0
008_150y_A -2.5237027914614125 3.785554187192119 90.0
007_90a_A 2.2082399425287362 4.4164798850574725 45.0
007_90b_A 2.2082399425287362 4.4164798850574725 -45.0
007_150a_A 2.2082399425287362 4.4164798850574725 45.0
007_150b_A 2.2082399425287362 4.4164798850574725 -45.0
006_90x_A 1.577314244663383 4.4164798850574725 0.0
006_90y_A 1.577314244663383 4.4164798850574725 90.0
006_150x_A 1.577314244663383 4.4164798850574725 0.0
006_150y_A 1.577314244663383 4.4164798850574725 90.0
005_90a_A 0.9463885467980298 4.4164798850574725 45.0
005_90b_A 0.9463885467980298 4.4164798850574725 -45.0
005_150a_A 0.9463885467980298 4.4164798850574725 45.0
005_150b_A 0.9463885467980298 4.4164798850574725 -45.0
004_90x_A 0.31546284893267657 4.4164798850574725 0.0
004_90y_A 0.31546284893267657 4.4164798850574725 90.0
004_150x_A 0.31546284893267657 4.4164798850574725 0.0
004_150y_A 0.31546284893267657 4.4164798850574725 90.0
003_90a_A -0.31546284893267657 4.4164798850574725 45.0
003_90b_A -0.31546284893267657 4.4164798850574725 -45.0
003_150a_A -0.31546284893267657 4.4164798850574725 45.0
003_150b_A -0.31546284893267657 4.4164798850574725 -45.0
002_90x_A -0.9463885467980298 4.4164798850574725 0.0
002_90y_A -0.9463885467980298 4.4164798850574725 90.0
002_150x_A -0.9463885467980298 4.4164798850574725 0.0
002_150y_A -0.9463885467980298 4.4164798850574725 90.0
001_90a_A -1.577314244663383 4.4164798850574725 45.0
001_90b_A -1.577314244663383 4.4164798850574725 -45.0
001_150a_A -1.577314244663383 4.4164798850574725 45.0
001_150b_A -1.577314244663383 4.4164798850574725 -45.0
000_90x_A -2.2082399425287362 4.4164798850574725 0.0
000_90y_A -2.2082399425287362 4.4164798850574725 90.0
000_150x_A -2.2082399425287362 4.4164798850574725 0.0
000_150y_A -2.2082399425287362 4.4164798850574725 90.0
099_90a_B 0.31546284893267657 -0.6309256978653531 45.0
099_90b_B 0.31546284893267657 -0.6309256978653531 -45.0
099_150a_B 0.31546284893267657 -0.6309256978653531 45.0
099_150b_B 0.31546284893267657 -0.6309256978653531 -45.0
085_90x_B 0.6309256978653531 0.0 0.0
085_90y_B 0.6309256978653531 0.0 90.0
085_150x_B 0.6309256978653531 0.0 0.0
085_150y_B 0.6309256978653531 0.0 90.0
071_90x_B 0.9463885467980298 0.6309256978653531 0.0
071_90y_B 0.9463885467980298 0.6309256978653531 90.0
071_150x_B 0.9463885467980298 0.6309256978653531 0.0
071_150y_B 0.9463885467980298 0.6309256978653531 90.0
058_90x_B 1.2618513957307063 1.2618513957307063 0.0
058_90y_B 1.2618513957307063 1.2618513957307063 90.0
058_150x_B 1.2618513957307063 1.2618513957307063 0.0
058_150y_B 1.2618513957307063 1.2618513957307063 90.0
046_90x_B 1.577314244663383 1.8927770935960595 0.0
046_90y_B 1.577314244663383 1.8927770935960595 90.0
046_150x_B 1.577314244663383 1.8927770935960595 0.0
046_150y_B 1.577314244663383 1.8927770935960595 90.0
035_90x_B 1.8927770935960595 2.5237027914614125 0.0
035_90y_B 1.8927770935960595 2.5237027914614125 90.0
035_150x_B 1.8927770935960595 2.5237027914614125 0.0
035_150y_B 1.8927770935960595 2.5237027914614125 90.0
025_90x_B 2.2082399425287362 3.154628489326766 0.0
025_90y_B 2.2082399425287362 3.154628489326766 90.0
025_150x_B 2.2082399425287362 3.154628489326766 0.0
025_150y_B 2.2082399425287362 3.154628489326766 90.0
016_90x_B 2.5237027914614125 3.785554187192119 0.0
016_90y_B 2.5237027914614125 3.785554187192119 90.0
016_150x_B 2.5237027914614125 3.785554187192119 0.0
016_150y_B 2.5237027914614125 3.785554187192119 90.0
113_90a_B 0.6309256978653531 -1.2618513957307063 45.0
113_90b_B 0.6309256978653531 -1.2618513957307063 -45.0
113_150a_B 0.6309256978653531 -1.2618513957307063 45.0
113_150b_B 0.6309256978653531 -1.2618513957307063 -45.0
100_90x_B 0.9463885467980298 -0.6309256978653531 0.0
100_90y_B 0.9463885467980298 -0.6309256978653531 90.0
100_150x_B 0.9463885467980298 -0.6309256978653531 0.0
100_150y_B 0.9463885467980298 -0.6309256978653531 90.0
086_90a_B 1.2618513957307063 0.0 45.0
086_90b_B 1.2618513957307063 0.0 -45.0
086_150a_B 1.2618513957307063 0.0 45.0
086_150b_B 1.2618513957307063 0.0 -45.0
072_90a_B 1.577314244663383 0.6309256978653531 45.0
072_90b_B 1.577314244663383 0.6309256978653531 -45.0
072_150a_B 1.577314244663383 0.6309256978653531 45.0
072_150b_B 1.577314244663383 0.6309256978653531 -45.0
059_90a_B 1.8927770935960595 1.2618513957307063 45.0
059_90b_B 1.8927770935960595 1.2618513957307063 -45.0
059_150a_B 1.8927770935960595 1.2618513957307063 45.0
059_150b_B 1.8927770935960595 1.2618513957307063 -45.0
047_90a_B 2.2082399425287362 1.8927770935960595 45.0
047_90b_B 2.2082399425287362 1.8927770935960595 -45.0
047_150a_B 2.2082399425287362 1.8927770935960595 45.0
047_150b_B 2.2082399425287362 1.8927770935960595 -45.0
036_90a_B 2.5237027914614125 2.5237027914614125 45.0
036_90b_B 2.5237027914614125 2.5237027914614125 -45.0
036_150a_B 2.5237027914614125 2.5237027914614125 45.0
036_150b_B 2.5237027914614125 2.5237027914614125 -45.0
026_90a_B 2.8391656403940893 3.154628489326766 45.0
026_90b_B 2.8391656403940893 3.154628489326766 -45.0
026_150a_B 2.8391656403940893 3.154628489326766 45.0
026_150b_B 2.8391656403940893 3.154628489326766 -45.0
126_90a_B 0.9463885467980298 -1.8927770935960595 45.0
126_90b_B 0.9463885467980298 -1.8927770935960595 -45.0
126_150a_B 0.9463885467980298 -1.8927770935960595 45.0
126_150b_B 0.9463885467980298 -1.8927770935960595 -45.0
114_90x_B 1.2618513957307063 -1.2618513957307063 0.0
114_90y_B 1.2618513957307063 -1.2618513957307063 90.0
114_150x_B 1.2618513957307063 -1.2618513957307063 0.0
114_150y_B 1.2618513957307063 -1.2618513957307063 90.0
101_90a_B 1.577314244663383 -0.6309256978653531 45.0
101_90b_B 1.577314244663383 -0.6309256978653531 -45.0
101_150a_B 1.577314244663383 -0.6309256978653531 45.0
101_150b_B 1.577314244663383 -0.6309256978653531 -45.0
087_90x_B 1.8927770935960595 0.0 0.0
087_90y_B 1.8927770935960595 0.0 90.0
087_150x_B 1.8927770935960595 0.0 0.0
087_150y_B 1.8927770935960595 0.0 90.0
073_90x_B 2.2082399425287362 0.6309256978653531 0.0
073_90y_B 2.2082399425287362 0.6309256978653531 90.0
073_150x_B 2.2082399425287362 0.6309256978653531 0.0
073_150y_B 2.2082399425287362 0.6309256978653531 90.0
060_90x_B 2.5237027914614125 1.2618513957307063 0.0
060_90y_B 2.5237027914614125 1.2618513957307063 90.0
060_150x_B 2.5237027914614125 1.2618513957307063 0.0
060_150y_B 2.5237027914614125 1.2618513957307063 90.0
048_90x_B 2.8391656403940893 1.8927770935960595 0.0
048_90y_B 2.8391656403940893 1.8927770935960595 90.0
048_150x_B 2.8391656403940893 1.8927770935960595 0.0
048_150y_B 2.8391656403940893 1.8927770935960595 90.0
037_90x_B 3.154628489326766 2.5237027914614125 0.0
037_90y_B 3.154628489326766 2.5237027914614125 90.0
037_150x_B 3.154628489326766 2.5237027914614125 0.0
037_150y_B 3.154628489326766 2.5237027914614125 90.0
138_90a_B 1.2618513957307063 -2.5237027914614125 45.0
138_90b_B 1.2618513957307063 -2.5237027914614125 -45.0
138_150a_B 1.2618513957307063 -2.5237027914614125 45.0
138_150b_B 1.2618513957307063 -2.5237027914614125 -45.0
127_90x_B 1.577314244663383 -1.8927770935960595 0.0
127_90y_B 1.577314244663383 -1.8927770935960595 90.0
127_150x_B 1.577314244663383 -1.8927770935960595 0.0
127_150y_B 1.577314244663383 -1.8927770935960595 90.0
115_90a_B 1.8927770935960595 -1.2618513957307063 45.0
115_90b_B 1.8927770935960595 -1.2618513957307063 -45.0
115_150a_B 1.8927770935960595 -1.2618513957307063 45.0
115_150b_B 1.8927770935960595 -1.2618513957307063 -45.0
102_90x_B 2.2082399425287362 -0.6309256978653531 0.0
102_90y_B 2.2082399425287362 -0.6309256978653531 90.0
102_150x_B 2.2082399425287362 -0.6309256978653531 0.0
102_150y_B 2.2082399425287362 -0.6309256978653531 90.0
088_90a_B 2.5237027914614125 0.0 45.0
088_90b_B 2.5237027914614125 0.0 -45.0
088_150a_B 2.5237027914614125 0.0 45.0
088_150b_B 2.5237027914614125 0.0 -45.0
074_90a_B 2.8391656403940893 0.6309256978653531 45.0
074_90b_B 2.8391656403940893 0.6309256978653531 -45.0
074_150a_B 2.8391656403940893 0.6309256978653531 45.0
074_150b_B 2.8391656403940893 0.6309256978653531 -45.0
061_90a_B 3.154628489326766 1.2618513957307063 45.0
061_90b_B 3.154628489326766 1.2618513957307063 -45.0
061_150a_B 3.154628489326766 1.2618513957307063 45.0
061_150b_B 3.154628489326766 1.2618513957307063 -45.0
049_90a_B 3.4700913382594427 1.8927770935960595 45.0
049_90b_B 3.4700913382594427 1.8927770935960595 -45.0
049_150a_B 3.4700913382594427 1.8927770935960595 45.0
049_150b_B 3.4700913382594427 1.8927770935960595 -45.0
149_90a_B 1.577314244663383 -3.154628489326766 45.0
149_90b_B 1.577314244663383 -3.154628489326766 -45.0
149_150a_B 1.577314244663383 -3.154628489326766 45.0
149_150b_B 1.577314244663383 -3.154628489326766 -45.0
139_90x_B 1.8927770935960595 -2.5237027914614125 0.0
139_90y_B 1.8927770935960595 -2.5237027914614125 90.0
139_150x_B 1.8927770935960595 -2.5237027914614125 0.0
139_150y_B 1.8927770935960595 -2.5237027914614125 90.0
128_90a_B 2.2082399425287362 -1.8927770935960595 45.0
128_90b_B 2.2082399425287362 -1.8927770935960595 -45.0
128_150a_B 2.2082399425287362 -1.8927770935960595 45.0
128_150b_B 2.2082399425287362 -1.8927770935960595 -45.0
116_90x_B 2.5237027914614125 -1.2618513957307063 0.0
116_90y_B 2.5237027914614125 -1.2618513957307063 90.0
116_150x_B 2.5237027914614125 -1.2618513957307063 0.0
116_150y_B 2.5237027914614125 -1.2618513957307063 90.0
103_90a_B 2.8391656403940893 -0.6309256978653531 45.0
103_90b_B 2.8391656403940893 -0.6309256978653531 -45.0
103_150a_B 2.8391656403940893 -0.6309256978653531 45.0
103_150b_B 2.8391656403940893 -0.6309256978653531 -45.0
089_90x_B 3.154628489326766 0.0 0.0
089_90y_B 3.154628489326766 0.0 90.0
089_150x_B 3.154628489326766 0.0 0.0
089_150y_B 3.154628489326766 0.0 90.0
075_90x_B 3.4700913382594427 0.6309256978653531 0.0
075_90y_B 3.4700913382594427 0.6309256978653531 90.0
075_150x_B 3.4700913382594427 0.6309256978653531 0.0
075_150y_B 3.4700913382594427 0.6309256978653531 90.0
062_90x_B 3.785554187192119 1.2618513957307063 0.0
062_90y_B 3.785554187192119 1.2618513957307063 90.0
062_150x_B 3.785554187192119 1.2618513957307063 0.0
062_150y_B 3.785554187192119 1.2618513957307063 90.0
159_90a_B 1.8927770935960595 -3.785554187192119 45.0
159_90b_B 1.8927770935960595 -3.785554187192119 -45.0
159_150a_B 1.8927770935960595 -3.785554187192119 45.0
159_150b_B 1.8927770935960595 -3.785554187192119 -45.0
150_90x_B 2.2082399425287362 -3.154628489326766 0.0
150_90y_B 2.2082399425287362 -3.154628489326766 90.0
150_150x_B 2.2082399425287362 -3.154628489326766 0.0
150_150y_B 2.2082399425287362 -3.154628489326766 90.0
140_90a_B 2.5237027914614125 -2.5237027914614125 45.0
140_90b_B 2.5237027914614125 -2.5237027914614125 -45.0
140_150a_B 2.5237027914614125 -2.5237027914614125 45.0
140_150b_B 2.5237027914614125 -2.5237027914614125 -45.0
129_90x_B 2.8391656403940893 -1.8927770935960595 0.0
129_90y_B 2.8391656403940893 -1.8927770935960595 90.0
129_150x_B 2.8391656403940893 -1.8927770935960595 0.0
129_150y_B 2.8391656403940893 -1.8927770935960595 90.0
117_90a_B 3.154628489326766 -1.2618513957307063 45.0
117_90b_B 3.154628489326766 -1.2618513957307063 -45.0
117_150a_B 3.154628489326766 -1.2618513957307063 45.0
117_150b_B 3.154628489326766 -1.2618513957307063 -45.0
104_90x_B 3.4700913382594427 -0.6309256978653531 0.0
104_90y_B 3.4700913382594427 -0.6309256978653531 90.0
104_150x_B 3.4700913382594427 -0.6309256978653531 0.0
104_150y_B 3.4700913382594427 -0.6309256978653531 90.0
090_90a_B 3.785554187192119 0.0 45.0
090_90b_B 3.785554187192119 0.0 -45.0
090_150a_B 3.785554187192119 0.0 45.0
090_150b_B 3.785554187192119 0.0 -45.0
076_90a_B 4.101017036124795 0.6309256978653531 45.0
076_90b_B 4.101017036124795 0.6309256978653531 -45.0
076_150a_B 4.101017036124795 0.6309256978653531 45.0
076_150b_B 4.101017036124795 0.6309256978653531 -45.0
168_90a_B 2.2082399425287362 -4.4164798850574725 45.0
168_90b_B 2.2082399425287362 -4.4164798850574725 -45.0
168_150a_B 2.2082399425287362 -4.4164798850574725 45.0
168_150b_B 2.2082399425287362 -4.4164798850574725 -45.0
160_90x_B 2.5237027914614125 -3.785554187192119 0.0
160_90y_B 2.5237027914614125 -3.785554187192119 90.0
160_150x_B 2.5237027914614125 -3.785554187192119 0.0
160_150y_B 2.5237027914614125 -3.785554187192119 90.0
151_90a_B 2.8391656403940893 -3.154628489326766 45.0
151_90b_B 2.8391656403940893 -3.154628489326766 -45.0
151_150a_B 2.8391656403940893 -3.154628489326766 45.0
151_150b_B 2.8391656403940893 -3.154628489326766 -45.0
141_90x_B 3.154628489326766 -2.5237027914614125 0.0
141_90y_B 3.154628489326766 -2.5237027914614125 90.0
141_150x_B 3.154628489326766 -2.5237027914614125 0.0
141_150y_B 3.154628489326766 -2.5237027914614125 90.0
130_90a_B 3.4700913382594427 -1.8927770935960595 45.0
130_90b_B 3.4700913382594427 -1.8927770935960595 -45.0
130_150a_B 3.4700913382594427 -1.8927770935960595 45.0
130_150b_B 3.4700913382594427 -1.8927770935960595 -45.0
118_90x_B 3.785554187192119 -1.2618513957307063 0.0
118_90y_B 3.785554187192119 -1.2618513957307063 90.0
118_150x_B 3.785554187192119 -1.2618513957307063 0.0
118_150y_B 3.785554187192119 -1.2618513957307063 90.0
105_90a_B 4.101017036124795 -0.6309256978653531 45.0
105_90b_B 4.101017036124795 -0.6309256978653531 -45.0
105_150a_B 4.101017036124795 -0.6309256978653531 45.0
105_150b_B 4.101017036124795 -0.6309256978653531 -45.0
091_90x_B 4.4164798850574725 0.0 0.0
091_90y_B 4.4164798850574725 0.0 90.0
091_150x_B 4.4164798850574725 0.0 0.0
091_150y_B 4.4164798850574725 0.0 90.0
083_90x_C -0.6309256978653531 0.0 0.0
083_90y_C -0.6309256978653531 0.0 90.0
083_150x_C -0.6309256978653531 0.0 0.0
083_150y_C -0.6309256978653531 0.0 90.0
098_90x_C -0.31546284893267657 -0.6309256978653531 0.0
098_90y_C -0.31546284893267657 -0.6309256978653531 90.0
098_150x_C -0.31546284893267657 -0.6309256978653531 0.0
098_150y_C -0.31546284893267657 -0.6309256978653531 90.0
112_90x_C 0.0 -1.2618513957307063 0.0
112_90y_C 0.0 -1.2618513957307063 90.0
112_150x_C 0.0 -1.2618513957307063 0.0
112_150y_C 0.0 -1.2618513957307063 90.0
125_90x_C 0.31546284893267657 -1.8927770935960595 0.0
125_90y_C 0.31546284893267657 -1.8927770935960595 90.0
125_150x_C 0.31546284893267657 -1.8927770935960595 0.0
125_150y_C 0.31546284893267657 -1.8927770935960595 90.0
137_90x_C 0.6309256978653531 -2.5237027914614125 0.0
137_90y_C 0.6309256978653531 -2.5237027914614125 90.0
137_150x_C 0.6309256978653531 -2.5237027914614125 0.0
137_150y_C 0.6309256978653531 -2.5237027914614125 90.0
148_90x_C 0.9463885467980298 -3.154628489326766 0.0
148_90y_C 0.9463885467980298 -3.154628489326766 90.0
148_150x_C 0.9463885467980298 -3.154628489326766 0.0
148_150y_C 0.9463885467980298 -3.154628489326766 90.0
158_90x_C 1.2618513957307063 -3.785554187192119 0.0
158_90y_C 1.2618513957307063 -3.785554187192119 90.0
158_150x_C 1.2618513957307063 -3.785554187192119 0.0
158_150y_C 1.2618513957307063 -3.785554187192119 90.0
167_90x_C 1.577314244663383 -4.4164798850574725 0.0
167_90y_C 1.577314244663383 -4.4164798850574725 90.0
167_150x_C 1.577314244663383 -4.4164798850574725 0.0
167_150y_C 1.577314244663383 -4.4164798850574725 90.0
082_90a_C -1.2618513957307063 0.0 45.0
082_90b_C -1.2618513957307063 0.0 -45.0
082_150a_C -1.2618513957307063 0.0 45.0
082_150b_C -1.2618513957307063 0.0 -45.0
097_90a_C -0.9463885467980298 -0.6309256978653531 45.0
097_90b_C -0.9463885467980298 -0.6309256978653531 -45.0
097_150a_C -0.9463885467980298 -0.6309256978653531 45.0
097_150b_C -0.9463885467980298 -0.6309256978653531 -45.0
111_90a_C -0.6309256978653531 -1.2618513957307063 45.0
111_90b_C -0.6309256978653531 -1.2618513957307063 -45.0
111_150a_C -0.6309256978653531 -1.2618513957307063 45.0
111_150b_C -0.6309256978653531 -1.2618513957307063 -45.0
124_90a_C -0.31546284893267657 -1.8927770935960595 45.0
124_90b_C -0.31546284893267657 -1.8927770935960595 -45.0
124_150a_C -0.31546284893267657 -1.8927770935960595 45.0
124_150b_C -0.31546284893267657 -1.8927770935960595 -45.0
136_90a_C 0.0 -2.5237027914614125 45.0
136_90b_C 0.0 -2.5237027914614125 -45.0
136_150a_C 0.0 -2.5237027914614125 45.0
136_150b_C 0.0 -2.5237027914614125 -45.0
147_90a_C 0.31546284893267657 -3.154628489326766 45.0
147_90b_C 0.31546284893267657 -3.154628489326766 -45.0
147_150a_C 0.31546284893267657 -3.154628489326766 45.0
147_150b_C 0.31546284893267657 -3.154628489326766 -45.0
157_90a_C 0.6309256978653531 -3.785554187192119 45.0
157_90b_C 0.6309256978653531 -3.785554187192119 -45.0
157_150a_C 0.6309256978653531 -3.785554187192119 45.0
157_150b_C 0.6309256978653531 -3.785554187192119 -45.0
166_90a_C 0.9463885467980298 -4.4164798850574725 45.0
166_90b_C 0.9463885467980298 -4.4164798850574725 -45.0
166_150a_C 0.9463885467980298 -4.4164798850574725 45.0
166_150b_C 0.9463885467980298 -4.4164798850574725 -45.0
081_90x_C -1.8927770935960595 0.0 0.0
081_90y_C -1.8927770935960595 0.0 90.0
081_150x_C -1.8927770935960595 0.0 0.0
081_150y_C -1.8927770935960595 0.0 90.0
096_90x_C -1.577314244663383 -0.6309256978653531 0.0
096_90y_C -1.577314244663383 -0.6309256978653531 90.0
096_150x_C -1.577314244663383 -0.6309256978653531 0.0
096_150y_C -1.577314244663383 -0.6309256978653531 90.0
110_90x_C -1.2618513957307063 -1.2618513957307063 0.0
110_90y_C -1.2618513957307063 -1.2618513957307063 90.0
110_150x_C -1.2618513957307063 -1.2618513957307063 0.0
110_150y_C -1.2618513957307063 -1.2618513957307063 90.0
123_90x_C -0.9463885467980298 -1.8927770935960595 0.0
123_90y_C -0.9463885467980298 -1.8927770935960595 90.0
123_150x_C -0.9463885467980298 -1.8927770935960595 0.0
123_150y_C -0.9463885467980298 -1.8927770935960595 90.0
135_90x_C -0.6309256978653531 -2.5237027914614125 0.0
135_90y_C -0.6309256978653531 -2.5237027914614125 90.0
135_150x_C -0.6309256978653531 -2.5237027914614125 0.0
135_150y_C -0.6309256978653531 -2.5237027914614125 90.0
146_90x_C -0.31546284893267657 -3.154628489326766 0.0
146_90y_C -0.31546284893267657 -3.154628489326766 90.0
146_150x_C -0.31546284893267657 -3.154628489326766 0.0
146_150y_C -0.31546284893267657 -3.154628489326766 90.0
156_90x_C 0.0 -3.785554187192119 0.0
156_90y_C 0.0 -3.785554187192119 90.0
156_150x_C 0.0 -3.785554187192119 0.0
156_150y_C 0.0 -3.785554187192119 90.0
165_90x_C 0.31546284893267657 -4.4164798850574725 0.0
165_90y_C 0.31546284893267657 -4.4164798850574725 90.0
165_150x_C 0.31546284893267657 -4.4164798850574725 0.0
165_150y_C 0.31546284893267657 -4.4164798850574725 90.0
080_90a_C -2.5237027914614125 0.0 45.0
080_90b_C -2.5237027914614125 0.0 -45.0
080_150a_C -2.5237027914614125 0.0 45.0
080_150b_C -2.5237027914614125 0.0 -45.0
095_90a_C -2.2082399425287362 -0.6309256978653531 45.0
095_90b_C -2.2082399425287362 -0.6309256978653531 -45.0
095_150a_C -2.2082399425287362 -0.6309256978653531 45.0
095_150b_C -2.2082399425287362 -0.6309256978653531 -45.0
109_90a_C -1.8927770935960595 -1.2618513957307063 45.0
109_90b_C -1.8927770935960595 -1.2618513957307063 -45.0
109_150a_C -1.8927770935960595 -1.2618513957307063 45.0
109_150b_C -1.8927770935960595 -1.2618513957307063 -45.0
122_90a_C -1.577314244663383 -1.8927770935960595 45.0
122_90b_C -1.577314244663383 -1.8927770935960595 -45.0
122_150a_C -1.577314244663383 -1.8927770935960595 45.0
122_150b_C -1.577314244663383 -1.8927770935960595 -45.0
134_90a_C -1.2618513957307063 -2.5237027914614125 45.0
134_90b_C -1.2618513957307063 -2.5237027914614125 -45.0
134_150a_C -1.2618513957307063 -2.5237027914614125 45.0
134_150b_C -1.2618513957307063 -2.5237027914614125 -45.0
145_90a_C -0.9463885467980298 -3.154628489326766 45.0
145_90b_C -0.9463885467980298 -3.154628489326766 -45.0
145_150a_C -0.9463885467980298 -3.154628489326766 45.0
145_150b_C -0.9463885467980298 -3.154628489326766 -45.0
155_90a_C -0.6309256978653531 -3.785554187192119 45.0
155_90b_C -0.6309256978653531 -3.785554187192119 -45.0
155_150a_C -0.6309256978653531 -3.785554187192119 45.0
155_150b_C -0.6309256978653531 -3.785554187192119 -45.0
164_90a_C -0.31546284893267657 -4.4164798850574725 45.0
164_90b_C -0.31546284893267657 -4.4164798850574725 -45.0
164_150a_C -0.31546284893267657 -4.4164798850574725 45.0
164_150b_C -0.31546284893267657 -4.4164798850574725 -45.0
079_90x_C -3.154628489326766 0.0 0.0
079_90y_C -3.154628489326766 0.0 90.0
079_150x_C -3.154628489326766 0.0 0.0
079_150y_C -3.154628489326766 0.0 90.0
094_90x_C -2.8391656403940893 -0.6309256978653531 0.0
094_90y_C -2.8391656403940893 -0.6309256978653531 90.0
094_150x_C -2.8391656403940893 -0.6309256978653531 0.0
094_150y_C -2.8391656403940893 -0.6309256978653531 90.0
108_90x_C -2.5237027914614125 -1.2618513957307063 0.0
108_90y_C -2.5237027914614125 -1.2618513957307063 90.0
108_150x_C -2.5237027914614125 -1.2618513957307063 0.0
108_150y_C -2.5237027914614125 -1.2618513957307063 90.0
121_90x_C -2.2082399425287362 -1.8927770935960595 0.0
121_90y_C -2.2082399425287362 -1.8927770935960595 90.0
121_150x_C -2.2082399425287362 -1.8927770935960595 0.0
121_150y_C -2.2082399425287362 -1.8927770935960595 90.0
133_90x_C -1.8927770935960595 -2.5237027914614125 0.0
133_90y_C -1.8927770935960595 -2.5237027914614125 90.0
133_150x_C -1.8927770935960595 -2.5237027914614125 0.0
133_150y_C -1.8927770935960595 -2.5237027914614125 90.0
144_90x_C -1.577314244663383 -3.154628489326766 0.0
144_90y_C -1.577314244663383 -3.154628489326766 90.0
144_150x_C -1.577314244663383 -3.154628489326766 0.0
144_150y_C -1.577314244663383 -3.154628489326766 90.0
154_90x_C -1.2618513957307063 -3.785554187192119 0.0
154_90y_C -1.2618513957307063 -3.785554187192119 90.0
154_150x_C -1.2618513957307063 -3.785554187192119 0.0
154_150y_C -1.2618513957307063 -3.785554187192119 90.0
163_90x_C -0.9463885467980298 -4.4164798850574725 0.0
163_90y_C -0.9463885467980298 -4.4164798850574725 90.0
163_150x_C -0.9463885467980298 -4.4164798850574725 0.0
163_150y_C -0.9463885467980298 -4.4164798850574725 90.0
078_90a_C -3.785554187192119 0.0 45.0
078_90b_C -3.785554187192119 0.0 -45.0
078_150a_C -3.785554187192119 0.0 45.0
078_150b_C -3.785554187192119 0.0 -45.0
093_90a_C -3.4700913382594427 -0.6309256978653531 45.0
093_90b_C -3.4700913382594427 -0.6309256978653531 -45.0
093_150a_C -3.4700913382594427 -0.6309256978653531 45.0
093_150b_C -3.4700913382594427 -0.6309256978653531 -45.0
107_90a_C -3.154628489326766 -1.2618513957307063 45.0
107_90b_C -3.154628489326766 -1.2618513957307063 -45.0
107_150a_C -3.154628489326766 -1.2618513957307063 45.0
107_150b_C -3.154628489326766 -1.2618513957307063 -45.0
120_90a_C -2.8391656403940893 -1.8927770935960595 45.0
120_90b_C -2.8391656403940893 -1.8927770935960595 -45.0
120_150a_C -2.8391656403940893 -1.8927770935960595 45.0
120_150b_C -2.8391656403940893 -1.8927770935960595 -45.0
132_90a_C -2.5237027914614125 -2.5237027914614125 45.0
132_90b_C -2.5237027914614125 -2.5237027914614125 -45.0
132_150a_C -2.5237027914614125 -2.5237027914614125 45.0
132_150b_C -2.5237027914614125 -2.5237027914614125 -45.0
143_90a_C -2.2082399425287362 -3.154628489326766 45.0
143_90b_C -2.2082399425287362 -3.154628489326766 -45.0
143_150a_C -2.2082399425287362 -3.154628489326766 45.0
143_150b_C -2.2082399425287362 -3.154628489326766 -45.0
153_90a_C -1.8927770935960595 -3.785554187192119 45.0
153_90b_C -1.8927770935960595 -3.785554187192119 -45.0
153_150a_C -1.8927770935960595 -3.785554187192119 45.0
153_150b_C -1.8927770935960595 -3.785554187192119 -45.0
162_90a_C -1.577314244663383 -4.4164798850574725 45.0
162_90b_C -1.577314244663383 -4.4164798850574725 -45.0
162_150a_C -1.577314244663383 -4.4164798850574725 45.0
162_150b_C -1.577314244663383 -4.4164798850574725 -45.0
077_90x_C -4.4164798850574725 0.0 0.0
077_90y_C -4.4164798850574725 0.0 90.0
077_150x_C -4.4164798850574725 0.0 0.0
077_150y_C -4.4164798850574725 0.0 90.0
092_90x_C -4.101017036124795 -0.6309256978653531 0.0
092_90y_C -4.101017036124795 -0.6309256978653531 90.0
092_150x_C -4.101017036124795 -0.6309256978653531 0.0
092_150y_C -4.101017036124795 -0.6309256978653531 90.0
106_90x_C -3.785554187192119 -1.2618513957307063 0.0
106_90y_C -3.785554187192119 -1.2618513957307063 90.0
106_150x_C -3.785554187192119 -1.2618513957307063 0.0
106_150y_C -3.785554187192119 -1.2618513957307063 90.0
119_90x_C -3.4700913382594427 -1.8927770935960595 0.0
119_90y_C -3.4700913382594427 -1.8927770935960595 90.0
119_150x_C -3.4700913382594427 -1.8927770935960595 0.0
119_150y_C -3.4700913382594427 -1.8927770935960595 90.0
131_90x_C -3.154628489326766 -2.5237027914614125 0.0
131_90y_C -3.154628489326766 -2.5237027914614125 90.0
131_150x_C -3.154628489326766 -2.5237027914614125 0.0
131_150y_C -3.154628489326766 -2.5237027914614125 90.0
142_90x_C -2.8391656403940893 -3.154628489326766 0.0
142_90y_C -2.8391656403940893 -3.154628489326766 90.0
142_150x_C -2.8391656403940893 -3.154628489326766 0.0
142_150y_C -2.8391656403940893 -3.154628489326766 90.0
152_90x_C -2.5237027914614125 -3.785554187192119 0.0
152_90y_C -2.5237027914614125 -3.785554187192119 90.0
152_150x_C -2.5237027914614125 -3.785554187192119 0.0
152_150y_C -2.5237027914614125 -3.785554187192119 90.0
161_90x_C -2.2082399425287362 -4.4164798850574725 0.0
161_90y_C -2.2082399425287362 -4.4164798850574725 90.0
161_150x_C -2.2082399425287362 -4.4164798850574725 0.0
161_150y_C -2.2082399425287362 -4.4164798850574725 90.0
